$ANSIBLE_VAULT;1.1;AES256
35303831383935333535386439626463653666626532633037623062356465663964353138363236
3663393532393238663634383866356564636166666466340a646335356333396164366133333933
64623931626331303536303139346137346665393839616463616162323739613932633565336363
3937366164643236630a383362363161323132623738383838646366393133396338386266383963
39363834656663623738373139313535623532396236303164303237306636643138343339623162
30633262303039396339363965303332373663663561613265636534353565626537393233316235
65396134396135323561663835633632316539623561336537333063663262663161303738636466
31633035653264343866656434373466356135316230333930636438633333353832346530396538
37633632323763363930353233323064353766663463323766663137393064376530396430616130
31393266653066656237306462306633663863386130346334646339643338346631356336376462
39313239373863643066666666633334396466396136636539373632633733653262666331653532
30636137323364656565626237376238643539346332353433633661333133653736373233383139
38633436323036333562313131316232343161646335643632363761643035376166636430353264
30393432633561633966633631306137363033393338393962616238316164663963313262353138
30626663333433333464313364333635653438623039613834333034376331303864633831383930
61336532313731306138663862656561643162616364393430663664363739653330396462316631
33316334343133303962656366626466643165656463393735323530626462663665626461613064
34366566396438383535323536343437333564613364393630313934313266626333626636656530
39636564313030393666646132303639376562393162613033366134656139343032363661376438
62356561303639396334386331353535356466313232656333366336313864636537383136613731
39303736386238623939356131646236343264313462376635316339623137663530343430376537
36643037303661363661643766613536616436363737383834303834316534373964373737333762
66626338616636636535656637613830356662623137363134353765373033383663363665366236
63643938303432666563356363333761636133653931386364306339346664333131626161343965
61323936316566666337616565666362343038383732396535373662333935636137633163373633
39616130633264336361366261333330303236623338366363383034626437316637366439646166
33323036303032636162366661663536343930313063313139636439323039653137646230396161
64346363343131633132343237376236366334336230623930323839663564376231393133376434
34323962326339353237313630336130653536343236663430333030343234346336383264383462
35323366653266353733383762633663326439623535653864663237316333626133316639623834
30663936373061353566326639653465353832633062613161343638373463373665646335353863
35636464613462303562613531303238303030353462613664336234653132356533333863653033
30336332393139626230306364333334666537393065326230643033653039633437333233626463
38366531373462326263373636373431663533366265633630666136306265373465623966383532
66623166303436376630373337656438623565366236613564333565666434383662663462313538
61633961613463653336613663636561386561666333363637306636613863336538343235333334
65393039643535323236383661333832653436343238616337303236323861323763336639333738
32366138626366336230653665616465373837346635623939656666633861323235326238663065
31373739393866653466353632396234613038386435336362666631646434373335333731303265
63306161313765383633356465333431343062303030653737643466333335333562623833646239
64363839633764623337393261663630343164343062323331306636343463356361663431626663
64626263393964323439363532636431633534643632346163323662336266353538306436613330
39666163356435353132643430653131396332376665353336353763303036366230343339396634
38646638616434653631353833616565386365646630363334383432656632323033343632393062
38656331626637306432626336316166323465623436343765623730663339366331623838633161
31383663366461623264383533646464316333393635636665356132653935636137356238663766
35323234383062636163363138616538373462346230346261333439643933653538343261356537
62383666626662363466386137623561666362373332386331383234383764633039646564383936
32366639343562623563623537356366653633643032393863373265346338666633623039383431
62373035663336323331366563363731366432303566306261306330386263616631336534353137
62336431313838626434646535346661343638383139333439326635323530643831646161383535
35323662326165303331353038383238316431633363643065343262666462316363613166323832
35353362303563623966383337376135383338373262396232633666613566303537623238666536
35346331316138333036353763373431613865393431306232363236376637656338353964306230
65626565666535653434383539393835653763643162396239636165663764373331623663353639
61363039376165656432346134313830346338613838663263353861643330333935623736336338
37336232373433636234656235363234656133346262633535666236383863383065383936633161
66646666336261396361323762656264656131616130333766343133393932623232343361313862
32656633666638353963323538613161626465636139383032616233366465306163653061313833
31343639656461323966613231376136376232333930356666333631333663333238323232353566
65343862313234303531303164613430333239383631323937326434396231373635623061303366
38666563656264373038636364363663373132633333313536316438366134303732373837306333
37313038313738626661353965626662623466613633366264613062633134353636633232663637
35366465633432323266636666656331613935643262333765393961343938383032386163636664
62316466353165653466646237653330653164373034353661616664383531323038333164636432
38616664646538306331353563623738313366616334363235613430643332656663336161346165
33623236393839373033613261306433613930636338656361653063393636313637663136636135
32303064356464646632633731336230313764333963653431313964626466323763636237356430
37306535373538643964366238393665653931383663366338353835343838316563656139336233
62613632663161663131356331646238303835373338656631343463613630356438366238613239
64656631653435383931656563383636663238653733303133666537613934353334386439316430
61396630636662313165396537303261393561633331323230656363383165633330393031643838
62333535393534333362623638643039613930376261393732643965396263363863633436346664
38303034316235336132323334616264316561363563383663633166383632313166353133353062
38366138623261346165396235616465316136646363383163353431353863313332663164626466
32323863623064346564633762323363643265626435303534316166353832623265353763343562
39396237306338643437616531363332393666646433356233393564623739393037383930336639
34383337663534623431353038396262633634626566363834613239643838653436303265333362
33663633396163616636666365666664653663303438363132336232306532343066373864653962
37363230333037626333333931623236623430373735626334616564643030323130373866663032
38643665373365633562626432653032633731633433613739653636643638306463303865643161
33303766643564653633363264323033643837373438363430383333633035623834346539306461
33366130386338383034666465643261313261363033616632363666636438666237303462326661
33333961643234316566323362313330363133343234363935356236616166373738336437313931
36363261383336653065613063336536323234653230313962323462343637633831616337633631
39636666363261643662396130666364306432326431633735313631346636653964303465656565
61626566303332396335323062633061393036323065646336643864633134323334353364663362
30646462313730386532366437616565353439616162373834653839396431633165363831616534
36663537633036326434323439626530373861386431343162303435386332393865623761323661
30386531656464646166666436353762336165363161333939633736333438663832366265643064
65346361626235646463393633323666343532613463333231396131633363353632363232663166
30316364633636616533366466663935346430346233313333373334353533616535656637343438
63656632306236356231396136663534383133616234656331616336633937346135333762303030
61363438353233663264363734373133346363383638363930663534396461326234373465623336
31303862663066333863653531646533343233393161363039306462366639343563373032363833
62303661626336363463396438613038346663353130306132626263623164383031346162633430
64393039653432643330666465373135323365363033306434363839376137666437353765383630
32373239303939386261316230333663373335653362616363623032636439623637356136353461
63393963396166643232396264306664363135306539326135313333643166306233323334646265
62656635313463376565653663656339313133323065376565626536616135616266666639356437
62316131636461616531383439316430343338343233313763623036313430383031313164653936
66333839343530666634623236343435643962363439616363623234363063633535313364343337
39613731653763303462353162666230653136313263303962326432626638303837616631386564
63626533356165613665616339643037393763363536363833303935626534613631373334376638
66353562656634303465363834316634343331306136303530346431316131376432386464306630
30393265623430633832623064353562363465663364316139326264383762343462356366346561
38313336616163343232353164303464383631656135336536623965336361653962346139353935
38623236633962646338343233326331386638623235656231663664643864626335386464366165
39663463336635333866323363336635623335353163663263656366613230353966613936643833
63326437366535613764363630663837613732333264643331663266313933363138336465613731
61613433643336376265623631343531656539346630373731623436383364633333366562363636
35663661323834393061613730363630356464383734633430343132643634656437353566363061
34393634626236633365666438666238323063386465396264383438616563393531636632346137
64613233613438353462366664346330303633663765303263636562633662393735646361333731
61613039313632356665613539383035303137663361643461386633383863393565323239353233
66623934646361343530323235663962343132366537663032613763636166353731393237643433
33646338383765653733663961383734626438616665656434663439613738376331663633333361
37636231643663333737343664303863396361386364663236363765643231346439643765656333
32643662316339616233383536636162633461663135313534636432333731633562316531346161
38313537626138633137376134306334653535623034656330383066663263646463393166316334
63376534336661666331393364306164393163643932656135303134343533383165323931623433
34613431373934326363613266353963306465396437646663363866633962386266646533366363
63646238393335393937363334643930636632663331373939383431663838613462393031623530
30303532363964316432656335363535623366316265383232313661656166346136353936336233
39343736386632643965613864633139313930303833626163633866396463666436336639666137
38623361383630326532623263373738353531653031323664343638303162663133653166356239
30343637623062333261313538306135383964353266666566316466653936343634353162633061
66613136636534343633393265336431666636653030626538636130366435383030366535376638
65396364303731623238356133633236333464383063393437323534346637383264306534326261
36653630393532663664393039666332366662623132353264663335663435646564383464353439
37303664316634653731653734373737393235663563613634616238306332303436333664396339
63353939636638383134663463623933623665303336353038663065306537643437643535343763
33376631633862643365366531646232313938363866616236613534313835353839653237353838
35383164323638353061343666373139653036343935316233626631653736376139323436343031
36623061323932323165633864616436303438633632353333373539643866303330363865366631
31393663613737326630613830393839663562663334346664323963616563373661643466633738
61613835393339306538643431343262643165613531376234373665343631346334616336303566
39393866653930633964386236613537353835633262353663383261613535643633653330373766
34363964333335343239643238393163616336656532323830393230646430373465636664616333
39313338653930393265623630643535343461383836303663656663376438303034656436663634
66613932633332626265323834323639333838663466373431386330313539343633323537626432
64636265323931633130373531393364383239616630633230653661646332323364636133643533
35613061653161383864343966393364333435643335333737323138356465313736373266613564
36626238626363303433616131376531383237633939366334363665353465383964316432636131
31363864643135383162633732323766333462656131393662643334616265636531376638366532
62343336326332386434353965393333373836666234616138343739653339386361643632613539
61666335653865303334306266353232653734646464336261363033653830363935373262333363
63373137383831663232633032623233333935326433373862326437373739613732333134623561
63663231393261313934303338333864626135646431616632393462383430613934373230363465
35306232653864346562626665653838623436313063626536376135643934333231633034366663
31623136313630323937623761386133643234346639643434346464326666633335633730386138
30303238643863353639386135333033373261316664666133656265643839376634326636623761
65653463393839663466373635376131323364613536653830386365653163336434336331636539
34333030353131373864656632306333373563373633613036366437623466633035363164346635
33393730656134663635336438383032366165393362336430643463356565386537633963353736
62633662636636333664666234653734363839666463623037386133306531666430393761663932
38393335343437623139663463313761666433373463373334396161313237396430626438333661
35313931616161623439343762333866386361343531656461376665343838633131616533386333
62366134386334303335313566323762646337623337656461643661633431643361373865666465
61306465303166353930613565303634323931646438626234626532663864666338333361393930
61373339656638643234626136623430386234386334633266653930316233363333613066633133
38306133323036373361666362336333623934363234333033633266393238333239383039336262
62363238623536616532613531343266396133633439643662353835333735373436623262643664
34626563383038313163316237393263623466363262376633396361643635633266373761336266
39363330396438333131356365666535626536613861616563313266326564363136356237613361
37353935646534363439663236396666313563386665376436316331663938303136306232626261
62613833346136653135306134326639343730323536646361613262333866366439336633316630
36313135383561633763656232343363383033313330633836306133393334383831363665333062
65653936313932336464316563393237633762636633326238363731336264376162616264633334
39393632633636373937373762343333643737383165333530633461336132653535336635613565
33643062656365396132666136323763653537646161383865303732646561343166626663376661
38373232663832363034313330346534356161643162306137376135646364356132326238366435
65313531303861643934323962353832353763326563623038396530663262393830333833363566
63633730653765396237666135373934623231393039386536373031323135616534663864353432
33303735343634343263386432323333643266666166666461666162326663646361303836323331
34636330323036646664306335343461343766346439653934613630663863386161623966356336
35666230343064633035396135646363366364336665313166656231306232383564633434363662
36363861656630323165633439663437353337393833353838313766356163333838653633303633
33666465316536313964373266356635313734613833663762316266613339653233623630306130
36663266336163336533326634646334343630376366343166373535666666363861663330353036
63656662346234666532333462393937353437376366346239623830323538383965653237653862
32623364396464326439623264343431316434613332303162303564333464313065623466346663
61323136656338343563323338366438366166623931393262616561303561653632383562323330
39633630336332336563616663346365633737616262313862353061663436306465383730626639
35363636643561306335396635633036353166313436663337303662386666393339393839656234
66323338646336343139343737346264363263323363383262653938323363393636353465306430
63323864343232326639383261613033373237393534666438386531633937613661326361623934
64396634386639626665383031323331653265663231653933386635653864626662306362353631
36663534613637633563646462623332633438613662303931373463623437353532666136353535
62663865623531396566303130616530373962363664343334363130653139633065613733353035
30643361333330643231616464376539353533316133616431663637643864636464613961613762
65396330666462616238323535346362333138636562306535663534343037336237636237656266
35646135353039333063303035633234393137383032623765653364653164336637666264373331
37373133343039313065656163353838336532336361306662326538343662343135663064303666
61643038333866353763626438386265666163383831623363336635303733313333393465643633
38396434316365306563646336376366383633656538323233326231376431623463316661663461
35646133373934303263393134383762333638383266663332303565303566306636303131333430
64326533623661303231353837396364623863616536386366323563643736623531393662633064
34343365326365356139613337343963306262393162333235613463383830613731333566326534
35363631626431643364653239653432613731643263353935306237643265306633303337613831
37646337626136616264643437636537663030653439663266353065386331646364633931353963
65626462636666653261386437633332646463666334616163666339663661636334316634386436
62646464376338306330353531326665333530396337643933643666613762656432643635656438
63646338326339376661663561396562316463643764333166643965653361626135613135653231
66633935306364306662646666356639373330653231393435343365303965393635613063663130
38343834346236626534373935323765326335306533643064346537386433383636363737383331
66373336313437316434343264653262633161356166306161326539376238636139646362376331
38623930383762393930346633326532613630326564613464663630383463353831626435326131
66653565323665383461623666636532393536343965376462346230366134353239343964366461
39343439383831373262356333353365363537303066623764656436623562376565336230376335
64313936366564323864306638396363343733636265616465633538383538376530393365333663
63356435366263353734636637323366613662646537616232643863326437396237333661346266
38376534333862626163393436663337316266313364656565613763633362366537366231363063
39323637363863386134303163383533623537666533663764643639303839643030656439376164
62373261643734623066336136643265373233333066613632663332653538663662373364363963
30386530366563326130366438376434653236626563656235363934366164316239633730363031
66623739336537386665386539643261393364346436653635343735383239373538646264626339
31656439636561313662393636316634636537313239666635653733343239396438303934653733
61633365333266663162336363306534663363346664646564303630343434363639346164346131
38626537636134663064353932633738633635666138633036613465663436386637396336376663
64633838623562656535353464623734653932336631316439383938613335386438646636656438
34333638376666633265623330323164356231613036396439383565326137346431313836306264
38643035373734656236633233633334666434643161306563656530623563316534326664666236
31373661376130313237396265363530636363376237356665663336316530663235633135653265
38353633323431373531316162613665643138316335306332363835303339383666303738313534
65313265383139363262333966396362636330666437356430373735393765353666393265346137
33653732336361623638353733643331666566336234663836646566326632616466346563306334
61326565643630313733653535363766656232333038363735336135383339656466376364613337
66353961653136336165373665366238346232663537383366363565643165323637346366636666
66623036653532353132326535306266616530373337376439313864636666303466323834323831
31336436613132333962633639393963303666653333366465313730326666356137663231353234
38383064623037383635353732386439663337666232326365623534306632356462303638393230
63623633346331313136623965396663323561353932636436393838666162336338353161626133
63346362613636643438336539343961396564306531656566386232636562663931396634646362
37616438613637303966366135363031663233636334336463316166336164626165306662323437
38306162616331343766613965663964356466303966636331623539346437383764336163613462
36343065343466353235393238393962366231393834383738386538383962353835316537326133
65653538393933343438323136643830333962633663383436373434386132383762653664666166
62346261356466316466363736663965383535633062613965376565383732666632363332393734
32353065303463396231303662373635663937636164623135376339393133633463643335656564
36626139363164313732633330343739313834353635663565613934623165353933326665313533
62633265623133636337633637323833373930393562343130643137313131333963353332336337
66653539636633393437623331323631333966343439326438393062383933643032663764393630
37633066313663313132333762343237613465396130373234343237656462653166333630613765
63323237613963643735316664333661633932623565653536376262633765613030333233316464
65303566666632666666396164616236366434633239393438333036353433333364333930623439
39646136336131373164326638363266323333666664356461306139653532386631376536653634
35663430653632663965353164613431336264613832646534643466343164663932326139346364
38346139343363306163366266336661623930333538663635333434393533353261336561303435
66383365613463383661363466393838323632313535633565343739316530396137383338376463
38396538613166616264386465623463313862623963333039396366333863306465623435303438
61363136643634343936623562613236313938663030316431643362663539346331393165316535
33353462323866656465333863383865623166666536636437313237316132386333356636383635
34653130633032333538363633613030613661613633336135366433353732396136333538326262
37343634323863356430336139313562333533393262643630316538373237313964633561633461
63346538353432643963616637633937616164326461323230353937366166396462346264663837
30663463643038636661393532636238366263396636666665383739373539636135623534623066
38313336373533303466366465323534666435373939613435633633663138346631326164303862
31356235666363626336633562363165343063393338333130303565396533616635326662383239
66643239346139373834393865366433633964343333386166343066643063346136363331623937
65623234656233653162393032643565666461393062323236376635393465313835633661633966
36343530633634656132653162666466323734663362656164343133396262366637643637386662
36656664353638353432363532323165346563306535633634636564323061393434643065313064
64386134363963366638666364376131613735613734633338363339376231386434333963363461
37633561616230663862613033346432613238353232646534656261623666353863346233303831
31376331333764346339323837313331643133353236346535653964653161383865386339656438
38646436303838656135336131356566363534303933306335333461633937333732663532313033
37383633366234303463663436366232633766376339613464616562623737663837316432656665
63333237393935613035316261666666633465303066623261336662393230336236323766363230
32313335376237326238646566303163326531646637333938333832613536666134623436393531
37623366663231646664376566616364336533353335346463623462666630393833343637303536
32346331386361363366326331623436363462313963353962383164333533666534633662373732
65613663363461626131633336653362636661623335326632653866613730306434313033333230
35663737626337393036623935356234653031656364653766323232373930653061626466343430
62396632336234626637323366386664373337383938636130373237386666353363626530646232
66613635306634313831633133643237323732326638393133626539323234656632316632666562
36313765363238303733363735313762656364333433396134336332616631613838343565383464
37353035353335313631383862663561386434393261363535383736646566626266373230333037
37326532316433383636376131663635666635373033383031306530363934376463303135613730
36333730383635663234643739633033373666366231333963306336323461373036343532333562
34383065396332656539316433303235323165393737346239303339653733393037383637396433
37613539616366306534613737343964626464613634376434653232636331333661396437376338
65616433616263653565393234323232323736306165313662343536336136613963383532356535
32343865366635623831636138343432316433646634663065306432353565396337316136346236
34663034396638353461316230303266626165376464656638383633633434633364626562303032
38323832323432623033313861613764653333333033366566636563323462323665613536643762
62653662656337396463333234666265323632326338646165373131663336306633303932333135
34636164316334633635623733646265383865353964346331336138316532646433653236626162
66633637613362396632333735383864616633353433303666396236306663613561343137643833
63306337626534396439656637626662616530656236383137393732316364646632363538653934
61313038316662373262393461633734653464313539386332626664616636373665383537346564
33623662376639643263623439343531356161326237316133336138313032643739323031663038
34336134303533653465643934336363323838613531346163363239616633326331356236373565
62323832613263353766626636383464393863316563633766653963646430626632336134363665
37666662323839336535623632613966643639643236366465396635303135633437303435313961
30633037343531333264373764343736633030316530393662306430653030366632663332333734
31653238643464303732313966396266633064376635333534666532383864323164623366623364
38326531323665613261376438383937653238323263626562393735376236663261343931326266
30346532333364316464346433356531373064353462626530656466646166353737666331363034
32633234653563626265383331666337663066303631623636653735386633633239333530323439
36313464303436633264626131666232636563386563393463393462623966663635306561316136
62366430333431633037366365353266653234656331393063663638616264353336356231363362
31366664383166313436343333356631313036343162333861313465353330353463666337633734
30633032646363383639393832333832333736383063343362653566383730633235643236643262
39306637316636336334616533383132386365616434643933633365393863306232313365333238
38346539336364646235633334393962373761663636346435313732336532343065636630623664
32363836666362363830656366623535643238313635393938366362323632366237656337336264
30333733333939393335656161646361313737623730653765636539643762623036336235386361
30643063333835393563366161343736396262383634663332333266363837633534653063363133
32366664393639643261326338643131646638393364306365633833333736326562363862326138
38633166366236336634616538616232353134353534616564393731303131346635343636366438
36333037656431383935616262613638363231623761386666656639363965663834386566343935
64626261303238646633623438326338333337313133343861396339633834346133343533376634
31383339343231626536303865623230663361383065373930643637393733656665333439636565
35653762646533633866343839353266353464313664333338613166653339303639356139646530
31316639356633623763353062663538343630323965623333303338363739653764316262336531
63666635346530383561663966396436623232393036653238666130633161633437633361663035
61623431306561363731376535393834343363653530636563303038326166313862383032353062
36353962323138626564616637376532366666363265396537633038333862626665316361623633
39626331663332386539313135316630633536356463343163313062303939623335613336646165
33313463643130363537633434393932323433333636323936633734626265373331623636373766
33343865633266333066663832373033666263623136363865626638666139326262633239653063
62303330343630363537336434346537343839393137616264313532376437626531343536323561
32326361346437353265396631376230373930636161613363623635393030623532643362623663
37336263613834366465636532316435356163333761343539313163363434633966303165653734
63303330643836636133363839656566336139343865346562343438353435616334356438306135
30633337316266663538613766653065613462623262393039346636653533643132316661366334
32323937613333666232386136643032643766366433636635356333306266656132633635333363
61626135663238626662623066333866326137623330666364303838303438376631303034383338
32643730633665326361396538623963636165383665353932393530336563376635376431313635
62653466393834653139336463376139373764666339666263646366303334643931313032663761
66653531356566333763666565303531333236356236366264666436326266316437666534373239
63646166633331356262643831613234393266306665366261623831643533396338616438343562
31313965343736323965326566613166653165363333366463633461323864613065643265363966
61646136633064623264643331376363383530626330636463323631663530333032363237373732
30363336363261656663656666616333663437346561363939383061623231363535363665313939
61653662316538363061363034626331626464383232336439393466393761303032633033656333
62633064376339626135346134363463303033646439396436333733613839376231373362356137
64623438653231303861373935656432633133316565613536663062363933316439393064666264
62333236333237366362643530343937306664623730326339643064643664323437336430616131
65346630313336613866363663656338323038313764643263306164643064623436373030663766
36323461303630356663376463323934363262343435353239663464383464313962333634663038
32393432383235653864633966396362326339363866633132623130363161613461323765616337
37653363313962346234316130393961313033373336663666313464343538626337396537633964
65343231663237663931333134323662383136393961333633366663333330393035356437633131
66613530663130633363396238613739343561663161643032646664363666613132356262663261
36626138366563336266643766363134396335303339323530316361393132346166323162373734
62633931633937353432313534633662336465616131633333636138393262343964396363343961
37636662643434323636376466313765323962363363343832316230303034306133663536653837
64636238633238616238653334336432306636616639313834653564346231323032393135303965
39356137323566346263303261393735353139633033633232663863396666386332633939313037
32393365336161653763613539623932633663663332633134376336323636663330656531323638
33346430323533353030313764313131386137643030313663653635356434326432633361623436
65363234306339633738323436633234313331366236613639626261616261626139336362306537
33306438313735616266363966393766326561313432343131656532356363333565303031623137
30636261373934613365626262303934633939663334386538623061646332343330373832636566
66666363306336653365626431376334646365386565323861306162666464663330326639356132
66396435336132633535383633326530633665313138636232613565393739623461613561353863
33393136333035313538383033303366653835613930306466323138653763616133663638666432
36366132303930346333663639313739623633396237636634383064623730613762646334346136
66623533306364306464616464373332366130373834396462633233306661616465366265653435
64346236353732636239303739626534666133333639383065623863623862343962363633383932
35633136633534336337323630383562336530383939343139393834386665306164353961343433
62323433306434353364333132353933333638383536333436363864343831643737333961373634
33646163636131633437323132346439306461323339386164326430356437336139383265356233
34623030343765663664323530393764306337646439616132646163623239363838626534356265
63616464303939376333643033303161303139306236353338346530306466663435343134313064
66666565653965356564383531666433346233376636383939343365626637376533353135363931
66656361376365343338316136623938623461376335313364376230353438363363626638333937
30323361623832343739653736643633613464363764373532373861646165666237656664613561
62623338373836373339353833626431383535623166363239333965303461336463383234383232
36326336386662303863633036623363626236396334653362633032633830313136666463376130
35333435643931643765633933663433663636326436633564656537343039613663383539336130
62393065333762313139643562333839326339646430666161393462663366653838326437656463
63616330356238333466373138373034333765323030626434366139363766323635643263353061
37376363303662656432313564303630336264633564323831653066333930333862303330626364
35386139653339303039613338323334353535333332666261323539333362613661616439646565
39616334613364333165626239626466643138336537666264373232323438356262356334366562
30313730396361306538383335626330333435313363353438366139386636333666623239613765
39623965323436396233633836356339363730613938356238616332373965386438343336333537
33316163643066636230363339396563623437303136623932373064356334383739356361363834
37306266613966626235363164333333653532336464373162366463663864303861353832656135
30323266356234623465383838346336636136333161363964376564376361613738393537303961
64383833316463643936663232666465393635326331373334363664663237366437343737656364
39636163303837326130313864383066643336623031666130313761376631613561646266333832
63353531363134336131646430313336393138663964663939663965356634316137373861636539
39623835623434336438336662343236393531386339616365323832626430326464363666383631
61333233326466626337316131666163316333363765386335643935346232396235646134313361
37316236376633333563323663333962616164663664653961303962626335663832366461643637
65353765333939356230623865333934346535636563363665373238303864613036643864353566
34623864323134386631363734613261356161356236356335346339323630393532306233393938
62366138643262613935303565343363353463626333333134643238316363653837383462376339
63373531633463396431616232313066373330343939353138316262393934663833653061323038
30626634633834346564373336346230656164336136646238383564633731373230383464346633
61623863343037653236343538343564306266326433643066353962616336366638363433646534
38373761616261373036316536613566623537646630356130653634616163623463363962353639
36386332613036383564306131613466373736323164646663393461353836326532633361646366
33653030343463313265323262633434376266336565313263623662626335326235303732633838
66343365373931653434313765383231343561353935343238343665333163613434663865623334
63393535363461303364303962653732333332363833616439313832323565613963306631653266
33646433373065393436323463303162333035313666653531663937653134643562373662323833
65336235383235323433343031313665636361666561666163616638353531623739326636313537
64663562313132343138336637373264386430353664336132373039646132333561313933633633
62663762663966363563323866666461636433333964393465633937353432313964633831343237
31323237336531343732643466303336303132363538626164313664353739623232313737343238
37383962623030336365363165396531626139396534303539336334663730643238613635316330
64633266323235366561616364343131653235396462653435626636643937663430643832663339
64646263326331626333306563366333633866393337366362386664346338666662303832323033
61393265346530366135636262616463643564326164336132376532383737326662383036316637
66383061333436343961616131396338623366643730306166353039353565666563383130383963
35306330323732636366303237656438353761323833666337346634656636303162643230366139
35373463346533616136323534613836373438643562363131646533623262343835363532393037
66613232303133363631353836626361343336666230333239656635373831353235346137666337
33306164663833386335393238663763343463343866663764306532346466386464363165313664
30643934353761616339666630353361306632643030623764633362383331663134643137323631
33656130373535666235653962396362623536643766363261333964383931313139653664613530
34303161336239646330353831356238613830663262623530353739303662336438613731393830
65663838363763613566616665313632613031353439356239326330616139643534666165643134
30643264343939653934643166636131326533643334396435336538353963616438393531393763
63653030366131343633313333633334373038376161363865626538353831366366396662646664
36393237316430343737333432653530323136643730646637623462633339383462363636373035
33323031663563613738336466643962616439613265376239313536303737316531613062663339
35353466613861323562313433346565663765656561666338623334396436656236666334633062
63383332613432383435333664366139663664656262633739363366363633333463356532333038
36613731323763313030356165333539336630646463353837373137333630613132383631376537
30636564373634633764323335303336643334623164393863616230613562636532323264623636
34383063396635613964313534613130653265313433323262316638333139653235396663663834
34663632313638616534643333333035376165376234646139383739313865663865373231396132
61303662323962613130633465313137386163666238643137333963343830373264393638343665
36306264373036343239306161363739653162373830306261363266636266326533363964383036
62343862313063303139656537353566306663353865353964346536363335316333643930633337
30393236323561336230353561373631653431643764346434663033633862343830333330643237
30313462346263396562633331616136386465396235396130323765633266323639303362383132
32646266663762323438656235386130656538613761396437333933626438376365333737636136
39653733373831336237663762633061653538393662303230356336336461386432383431333264
61653133383835646664376539353638353133626362656331666437316139356165356263306139
33336132626338663439323633333133656461663638666264383064643731373961363739616233
61646335353865313933353836303966646361313333613965653133303763653364336139373566
32623163326563393766646362626631383162393361393065356430323230663163323338313262
63393233383866333663376435393564613834303638353465343862636561643062393466646332
63663966663665363338303830613532633035323439613863393537643935663233316464663131
63303434646638373137323665316364383633323033313130636365343430663339303862306637
32396161613836326162616535316362373931356164326165396431656536313630336365323039
66323333363931303361313463303765316536353166643061313137623733396361396339396662
35393935356433343732333066643733373964336563656131396565633431313534653739613233
36313062626462646531396562666562373833393761396264656366316166663939376630356562
35353433373964373833393331393233326236383231613235656466336438663736666332663762
35646231353832303562383738303666306534306135373263373535306531643264653337626461
33306233636536363133663634663235393435393364333330393232363536383164663961376563
37653739646464656539323063373939336462373337653063316131656335396137353637663833
37656261346133613238343138656566313339353366306131636635613030323462393933326164
32343938623362356662373664326337373938653735666235353961346635303839646266323566
31366539646530666637353334663430363361663562366338363161393730346234383634363739
35313363646132663931653036646135323638323861376539313236333833373862383933623239
30316366636630663435613536623664616237646261616436323062663338646561366434663835
37373165383130346463653833613039313966623433633831386564383831363865303933636636
62616138366431666466623538313066343435666339396363396631636539346230643566343436
36393836663733656435616530306538666231303637653530633964623363616461393866386135
34613631353138313862353436613035613762353866316263306365653964393766343663643836
34653830336533663136313964623931323234306366366665366535326366353663653333396164
37636637303230333363393865363035313866626163623439633530386234306432373735323335
65366630336533393639363931666631616334383361336639393836643535356530353765633830
64353466373961633734343232313161623633373236396336333831316362663935663839356461
39363436613037666332356434613061663963373163316630336136393761383763383864356634
38343235396663303763376266646265653564633364336538626564346565386465623335333631
62393937613663616430323162656332336636303435643231643734343035643765333966343766
31663961643238323938343633633261386630646431353730326636306430636333333336356162
33663965636132346433346462636336663661303337373164626230323165633737613265343861
63303365633234336533666532623034303661386136366433626662626164323764613366363137
39363439326130633730303531326535383130356136316163343264366361366231376139366163
61343665653765616561306334346361653766343366363564373339386137323863613038336534
38316437353534616336653239313164383639393538373733623166613737383538653038636563
31316361353031336664653766326438633133363465643130373361636134393739613437623031
38376230356637353134323930613464363433656134383736316664313738343966366537373462
66636335653261393733643432343630643437336436663035653964316534666630396661303463
34373233393431626332326632616136623563376434326134656265343436333733363934656562
64396566333465316362373538353365326662316238663231313934636330333036626361643138
33396266363338646130363765613264323330366162373733353335383763383035306566656336
30633762393632386532363131626234373038333466333837616566313133393333373661316464
64303837383933386463393039396534363531343735393366646163303331326362376234636139
35643337666361373764396234376634666130386236323166313565656230666462616266633534
33613964333465316637316364376630306332326639643337316265313165666135363230653362
66363463323831306164353731346564313966333336623630363232303233663437623839373639
63353238373435613064363134383763363835373564376138646262313133363135643436383532
37366638323164333263633235643636343338333333373962616562376464663861653264623964
30363332323331373262613937373732643737633165653964303036643830323165653866333461
38663839383234376364623835613235326531643337663966653965643832626635663534333736
39336161316165346535336362396334326562383766306538653134363262643239336636623661
61326631383265616332316462633764333035613031333262626366623636336663663065633539
34376666333238643438346437646238386462363833326639646638626163356137323362336639
61333461386266333032653030616239653864363639613464333465303639656438386663396236
32643334396238363834386531326238653664633665326162316638353563656464663363353439
63326334393632346338646434653834623338656662666661656638616365623961356632666564
64616562633733383538303932326337653965353965343530343539363236613464643239336136
30366630353330663831626432623361313433373733363763363938633730393239663637373133
30376131303133353865366561396335306564393962313761636330363731303632346563626536
37633964653034363134373861313232393962323435653337633961316465653030343566633733
35383137633663633836646130666230366536303736663338383635393939643436613535303030
30633530306264623435303138363330663031303236333439643730656461373235623966333830
63393939303035353639346631633263393739383932323438313862386533663338383865663861
63323332383862383239613030666665336331373138633232333131323835616466393537336365
31356238303033356566636361396431623638653764626361666135636530366561353339323465
65653064623536376333613739613038373862393933613235346362666664666531326531646564
32626461313937346365373561646361366531613236303763343461373161323430636164363665
33323466306235633363303137633934363639323963373935303536393766653938386536323364
35393935643263383134373538396434653064663632393630323231653564333162383364633366
37353338366265636363636164353334303065633036623938323533326231653261356134636130
32613663663533656463333662363063616536326538343666643865366433323731663036376334
31323966383062643439323166633565376266633131646563643364356635663264346162306264
62346339373238323739623165393134393762663834383939643563633163333730393430633339
30666631313862396430363032636537373135303136663931666537343265383836393335613232
33363363333662356464343863346134353332636238383539663033396230353039383061643164
38613531373734306234356531646237393663653166376532353336303133373137303161383764
64323134656236376638326432323162636334353437306563383136313133646131303138353734
38366566326661336133363733383963616662313433656263366236656532346262393537356236
39353365316662376531316364313864336530633561323037316139623964653938623763353830
35623433306135353730646235313633356230643333353239656630363966316130393438393165
36366337663830376666333263616536393463353035346461383236636630383130333564663961
35663366616661313731643538646239343139626564353366663732653761383639366162323432
66326539353132366632663034343962326130313766653535666330626465613339303132646138
37333735306537373535346230323237333132363339666532373866386133343532303331646530
61653730636666373165666536316165393330363063613736303433623235653439323162626164
32373436626630643436303166323432626130633130303634373934646330343362363736316536
63363465626130646263626264626136346631323534633633643930363966663164613165303364
65623038626331313834393966616434623164383666396664323534643935343163323361313735
63643263613831393637376666363033623835303539343031616263336265633634366365646538
30353238636262653764623532623034326438613930396166373864636533633530306632653262
30356465643134633532633130343165383764363461393938663132386333313739373763393238
38643531393261626230386236303936316636383238303565663134316163636562396161323563
39646565646565313231366135313762643834636638363861386235656237343461346337633535
32393136313838353464623234653437363062333939653534613132373966333238386338663662
64303830393930313136636663336364656138333239326233643536646339636461316266646535
37306162323431653865353537626338356464626138303139316261633566666534323537643737
63303666343664336463326135343537373161626364653131323935643737326533656136383363
63356365653765393935323562373539643662363338326463366166303434663762653566333835
64626532376261323131643631666566393432303831323234313236356137663933336537336233
30383964316137633431643330613535643335303133336337376437366563326139326434663634
34353262353337343962323164346162303936326361363539356466613335336662636638613961
39303436313466383933316632616236326432643563343137363461633566366330393333386165
37353562663835366234346261656339303239616636376538653466633365326265313239393130
32336263336362643635646463326335666266393139386437356164626531623563303933363935
30653937323836356439393336636137383036333630373033343261313366376437393862393863
38633538333333366535343937636134363964313939653661393765663265323434303735363330
34626636386137623065376136353163656335656437633766376135666265343163313363653532
33343239373563326634353937316133353337623165633461663062393331343964316366316566
31616534643463336432616237323836326666653133316162356165656364626164663566323636
36326365306665613065313236663738653262666162333761383861383531613532393131623666
33323061346432373162613464613730633135656333326463666662303561666135366533326430
35346565626132376664373436386231353135626536356531613439646539333939613039346635
38323734316639643233636438616338316531363865623863333935393562653463383533316439
61616564636230383064663566383333373761336131383338336662323463323932323734393461
34643737396238333566303539346432363166376432353630396264613232323164356161323936
63623132383934356639343630366363343263666439646165323439313163353233663831346638
31356636656465656533613334646235643464323366383239333463353838396235636431643731
31326163643930653763323134383731336439363535356661313562643936306437353639653338
31326634343436386134336534646661366662376136643030306336383063363364313638666636
66386136666463393432353330306534386565313964356534636538333733363133366233623836
31333466356333326364623530303938396430323836616337623063366366303933303432383735
33333739623635393536313937323131633366356466356636663264653262313434646137666235
66373561353631306265303537306563313232653337303331616566323334323532633861663564
31386537373466363866353761613935373837363566653564616330623034653663393561306632
34643961356366346561633366363238616334313832646564343262356538336566663663613436
30323239303239323536386461373065616236313937343964303332306437306661313565636161
65316437666262313665326565333566376566666230313463646131336562393534383533653736
64363437333732663834393836656136636432303832363538356566353162366633343431646130
34323338333838626136333735363132386437343761376637353762356135386438623365313762
31313137333937346531353137623532393737306330626137636566336163353161656335393263
39303333326164633961376534653761303737353533303864373262653135336166356333336539
36663739613637653532336562613334333361393663396238366632666464353636363938313734
66646637323763303139373363373336366237353130373533663263343061393635316566636530
65373539393636373237343765376138366138333239366430656633396233313061643361643630
64353739613530623761316136363964613138643764343337373733393439326166666530306438
33373630616234346638313965303838383133636138373765353835393936613065336431353531
39336230653934653939326237333633616363333062663130306633356535623364343935306636
30343661626230636464373333636462373237663030386661666466353137333231646530623566
31393034356430306366363263623533623935626530656334653766303730643532323862376339
64376563373639393761323134643936643138616262646163303336656533303464653632643263
61656337366564326635666334313666376334383737336236333439653538663932623935633837
38333834653237353436383764383932666131656134336638663565303631356130333365623839
39383631613530366566663539646537643562643461393937383061333737343230393732386234
34313965633666313464616165646139306466353738333837656162326334313337323032613435
61343534633065373966636630356166353332656361366533383766643139636536646535633761
37313961396264396366626662383134373832386365366636633735613063303162643135616134
32666532646436323861353062363765636664353439303166316466323835326132623265623137
38633437333036343630663336613534616162356361636166386564336137323266393136336439
33633333613762356462336264383663646130616363356437343034653863626466643839656236
36393963356563643063666137343330633038663335393331623439633861303439623064393932
62636537623335376234383965353339623835343565356561333962633332303266303561373064
33353462316661653633323563623062383431613733353534336561376330333630643461393865
66333062653264326634363565656462326566303836623565396538333266363033646339303235
37616134663438396261353462306364383461613863626266633633303335396136363738393336
64346466383238366636643534373836383436636365663938346333333262353830386661323337
63643036326637333739653836376337353630373130333865613663653065303733383839623162
36633236386139623162346531303134623432643336386434383466633030393165376235336438
32363839373838353562333237326237626436393737663362383733323837626437393165323931
38303436653131396334333563653435653530643836346536313734646363373766393865653337
37336636366534653737303631643662353763366661396266643835316131366631383964396466
61353834303561346563306532373937346235636435363466663464663137396231306464356133
62333662303737653734653065613737353461353838306136313931363262326133373035303030
34346362353062363430663066616561316261386138333465646666616266353361613966663464
61363465306132616636303862363437663730333033313865663766373638646264363834653835
39613831643466643332666334316534666666366464633638613661313637666138316630336334
35386530663732366263363031663037393039393561633038633335306161643063386166653035
34623539623361616538643236613538376530633732353538373762383064333465656130393237
33376664366162326165333261333730326162316430383938663966633536306638353661383065
30383033376330323166363961356231663263633562353932303539656663666637393763326662
34646639643233376539616663303935653234396566323765643165613832666634626235336137
64653136616332353537623639636136346364383630633932636332623330356636313338616365
33613764326639636237366436343433616235383137353236303535363766626335313462383239
35323162353965623864666663616666613735323539376536323065323934666239613039343938
61353666303434343064323265313733663931306366396661346265646339616666363638396536
31653436666438323433336634646439623334633763316534653665316263663863616236623037
35333439636632616337393538396333383033376136303535343162333633333531626336613838
36363539313766306436363035323834363265326666653831313434303264643161343766383630
65663566386239376266326136613631326361666137633039633434396334333566326430653937
38656133616362343138643266326633343561613938316630373834373563336132346632313034
66623434386161333239636565323335353031353139343738363862323834646566333736316664
33323132663133653766353264653939663033643939656536313031666637616237353532383562
66643239326265386263356338636666316461356337316264623139343436303931396662633163
65333437353331303539343334643531623239643565356131313434366164643939623934633364
65633637666636663166313034366631666264663566383666373737333133633637366264613739
62653538393338383238363536386238323261353632313836343939383538313165306566633061
34383666313933306539646461383830343265666536643866633763613437376161363162346132
64336566303862333562346364643964343163383031316436616431373735306265643033363832
39666531653733333936663363363131643534306530633135636235343437636137363032393639
39646438346466383632346139333331343030666566333936663638663731343531353366326337
65303465366438323432383137323934396163306161616239343730616235323932636337333461
34313730623561313464323339316562313462373237656233633064376335626536343835313836
64346333633163626462636637323266326539336464373030666261306136656533666330623731
64393832306237333661313539623436623839356236616561626433393261643333613537376133
64623763306334306264383637303730623862356166326138666330663163303362616438313330
35356362366433356230393733333133653765356263616236633534633736326538313965303038
35653137656562303139643233646536626264663062316435636233356234623435656437626361
35653362653132363238393337343136663364613238613663363431303965633966316531343331
64336230393963343034313233373835306463313036353735303231383063653836306461353530
62623137386662653133353335313537633033336161626338313539316432613438346337343637
32356239343235643135653837353636363337353833626334346566396265376238646635336236
37663462626662346634393539363731363639656266333430623735303362616162663862336239
62343733666432343136653331643263393362623238653032323532363663386131356335323735
33636466336561366639636564333063373134316237383232343966303435313262646262316234
61306662653434373265333636646166633939663331633364633732383432383433346363313265
63313066616165303930336530623865636431366330396166666434643266373266376666383030
33323431313139623162373438663837356266313638386262363061333865633633363663666163
66363038353665663632623433323964623561323939383333363132396139383539663830653761
34366164336465353263303836393632373663356266396134626237343265353364633630363839
30346437613236663663323337393763316537653638623063336136376562326137316536303362
32343031383065366664333763663539383731663863366635396639386461623135663832363634
65663130363862306363643137313565313939343532653539396230323938393362626631336431
39336131623437646466303939376531373231383266383065653462353537336139666239616330
33396565333136373030653038313963363761636663333737326437303836643961313038373534
36633066353363636461363335633833356363373330306133383435373666616631393038633035
39363338663066656135316165356538616339303933343866373161633531396661333461633066
30313263336332353234616136363836353062323737616136316463363338626365363232306230
30653161626431616261366563646230333731376466373534626464623632663531366336396437
38383539323636323434616534366432656162306362626639346166333632313030373762343461
33623333353931373837343238626365636565616432636666363830386664376238343237386561
31656265326261396161656539363032646236343731653761656465633330363638666532363736
64646365643331616263303437646432616432666230343335636564643939343663356334666636
32393863393566336230353037613163353136393935376437323636326332376432343536656337
39656633396431336439613133613438313833653362636136626134313961313365613437383961
38386232653865366364633163646531363236356138313634663964313365396532653961623666
62616161353835323062626233636238373035343533633664303633653665663330373036636361
33313464303665663738333166653130653733313633343535313032373735626461303032393431
37366636313132353766343036396463643966653661623366636134313162323433323732333337
39313930656165353965326464323433326333353366353739366637346163653661333862376337
33386635623033383763633164303664333561396632386163386233343762613661653339313235
31386263333337353838373166643764363765316530333564613938653930633538323866316637
35376530633462333435646530326331383237643963353936626663333439346231373565663566
62323564616235303133616337646561616531316130303735353533363834326235396130643561
36656538373030646465626263646362323662643861313365376463333364633462643139303139
66366364376466646431336437383532386331623739353263393530393465303463323235313866
38613133376565643736356631393237656237626238303462353034333635383464383431396433
39396466636265313961373436376131376636323030326335373161313065326266626465326366
34323563333366666366643035376530396335626235376133643338363432316434623463333338
30316239376536633234333733353962366564633162383030613863303132393231346630333861
39646235326661633664366136316562323733393330636139623963633766666233313363636565
39373461303762633732316535393766663939353365666138613538363837333533623132323630
65393862336235623965363835643632393538643732663666316535666235316436386434626239
66653364353663373562393338313230373866633430626135323739393732633862386366373938
39653535393561363731623936653734663737343634643633393661386531356337646165353436
62336432376164383363306364356261396661383533383131303264303036356231333834356137
39356537313233663762366161396634323461623237333238383937653036626138383431616463
64396537653937633764306535326430346237393533316265303338636334323237613765313161
34346434333063303166316466613365656261316439643961623332373632383232663531636233
34366163393039386265363138616435373839336232656436383737656133616161386138326436
63376635333238663861616366383464366332306466316166313061373534616161393161373539
63333630613130616365306565393066643133386435646562663830333165663132333134663466
37326130333863386534326437643931353231316161623238396365383966646632383034323661
32326238666331373763663035386566373462383438623862626463366637386561343362656165
64666436303961393733356463666238323430313132636161643532373330333232373365626430
30613661616636343866613364616639616262613536306461303566393166313735366338356536
65616365363834646133363836356461643762363533623730666661353866646365323562323238
32646231353562306161646135393939613437623561613039363765363061353065623365613262
38356565313761313336613161313631356532653239383736653062316664373331393633346664
36366430363165626335393066373463386139633432386638353065636662633334643236333262
34633030613337653931383238643063666137313935386366653137356661303262323936336133
62343232313234353236366664303361373033636339386132303833663566356264646437633831
62636237396431386264633762383963393836653232313638623761663937366366656463623461
65323265303134303334636131383933366334656630336132383038313530613063663434343466
32386464633761653430643763343365373361623237613166313332623936313934313861636531
65666264363166323033356238303566333339366336626362393234366463383630383439623662
33623239623164663939356265613839363738663761303734626139306663396538666464393861
30313135363536303239656435396336373930666161323333386137306631356134663632333666
64343865333839313533666465316230363531333238353162633936343031666362303862336630
38383762626532306535363833323962366666373366623833613364383936373932616165343336
39316332316535303031663537313062663738386662383266313932303336633239386264616234
65653737326635343932363638376632386262373165303239383062633532313836373066643765
30363962623535316336333339386633383632346564393534346237396365343039396331363439
62396639633539363733633735643130616230346162323966376138376663306365383839613234
36636636343039363737333231313064383364373430646362393530393535343862303837326332
61333963383632303937323939643532613465383634356331616362373531623762326637663463
64396435386464303630323466343539363563643030326165393933323562626364616462356334
64343737623536373162363536396138343535346564373434616362343833313630623534663330
62393831303864386137633630326563653236386139353765386336313530386439643632636664
66633238316564616565303632643963393562303765303136633035356335646636376530623634
65633962303336633738383432393633376162393135323338653533323232643363333461623536
32363132306265363366633863663730363865646537383364393236383130613337656333646332
62393531393031333935383631366137303963363063343734313334623265303038363034366335
30363735623564363736623138623863373939663434373261623066396139356462336433346263
32383533303063383736313536653735326336326664313630343033666633386335363331356461
62623464313837343637653434373861343633666538653265323134656637653334356638623831
37383932636531386639356534333335653338323939306136306463356239353965313434346535
66326361663731356561623533336437663934633962363931613865383761333834323332353337
61653564663439623266623334326661663661353162396135303031393465346236303039373262
35313839386132303137613764363665383963383536373663666234373630313737666264653765
63333364363533316331663838626334663833643863393664316431333464666134333163336130
33656337336133626137323562396636373539656666653463306163393839303564346136636461
31346435386632383632623934643231346237626265353839623636303265666263646265613135
33643965613337396532363662306131356131356466666461393235383635333737633534393335
66343231306662653430363262646630366133333034653130386563643861363663356666393738
30613165346265633466383066663766626330353365653730386337373434333865313965613131
63613965373237386161373632656364613232366163333036363232663735353435653961626138
38376436316361613734336630396434393965303936633733653963383330346438623538336263
33646266326437396534303464353961303431373962306433363164386531356666383564636665
37323135666332346338653266303563346437373434623833383431666361633730343739646432
66643038646336626461636663386462396638316439383738393735613963653632333533653662
63303665356465353631356164333836653837666634613037363537356365643564353339386331
62316664303463353661393435616366373039366135366330366233393165313163646561653532
61323532313062353461386532383533366430373063353231653966653065366165323063383530
62626331613838373562616531353562383166633463393739656632666436333065363762323532
62343366643365636664653765313632633163333832663537336332343464326662363539373062
62333631636133626431623737363039643135353935393731363464663033316231616663316462
64396433303630613761643132633863393734373439353237376234353261666536663932336264
34326335346535666338303033393562613930623165333666326436336665623235636338633032
36353064383931343336343436616466376239663730613736663737633766343235396631383561
65303439346336363766616538356463333338313433663333653564363061633734643762623364
39626264633461346265386339343437346163366463643532616266653539653938306430663161
32666637663938643138633133366633333535663235376538643532306262353564303031356632
36303934643631393435666463633239323461376165326363383839616661346634376533373239
31393864646234343564656666623963333962336561653134313563366437386366363039313032
61303637636133336432393733303139653763316633373734396534323839663362393236356234
37303330643636393538663065356431366339303832313231666662303662326263646262353039
62613661303964666133343733333532383431373633663761393964373230613537646231356166
35303032653431343763363961336664663236636334396232343935646366323462373666353763
62313366323062383632333463333233313664303932313430316536393538393161336361656662
62373631666131383334643063396239316231316266383137376462393336343339323930316230
37393764333761376663316232393862303364646139383333656335376437343739653430393436
30663965373439316662323465333232336131376332653362393034633738376431363136616331
38346231653436383339363266396166356635336236376462616631613533623935633736626130
65346233353037393830646361663539656163396131633439616632313765356236326436636363
35633666343232326665353365653535383632363761636364643832306465373138303962373030
66363833353435386638653661323364396661343736366538353533386435303430613861623465
35666138343834646265306439626665653237343735636637643038663430396139386639306161
65663164623131316363313961633662633730386338336234623862373530313531366563653139
35663664653030663937613761646233656533626261353865383231373233306463356563306562
30306463326366333533346437663762616537326434396263623032306631633662386634323535
34316665343463393963323337356562336566336437616161326534616130343365326661363431
39373834393937353339663465326262323662343233653236383264393234353638303838313033
32393134363366393361306635326262393462353539623561326166623136343332626263373436
39373235323136363865396130303862336337373265316538383336623139303563656636333061
39393435306630613561353864303132626333633637356663646464373931303531333035373264
35616265643665626564653237653037336538363830656339303837663131346639646134643266
64373330366137383362333766353434346435383561333835313638653462343832613139363530
63616631613235343930366132366633666635663864336664643739376433663237313830373763
61353439616231333538356662336565333135343961396662646237333730623338646666646565
37666439376264373034386535663364303666656334326532653939383030303961396137373539
34663039343261343762663136616435313036356663306338623266353264306639366362353133
30623938326537323138656433643437616634343135383936333139383231366632323862663262
30396432313037346437376561353663376662666335393862323765636236356439643237316662
37613837666134356363383262366135363535303766646262633161363566653439393930373365
30343935343166653061353066396633333433333939646235323239346437353931626566313661
31303437393535643564383361363032366233353166313436633634303137653935333338646132
35353933393564366362663763366638636231613363306535303939613733326337373265366138
63306661326630353032303238633636346364646233363939316666613731396139616534333439
61393830343364306166383564663732366262613866306535663865333132323035343963323364
61613734646366613038323733646462343531663762366331336438633662313434656332383730
39616361313964326234666633643039356535646537626664633061623035366137306162306236
31356637306139643563656262646431636536616236643534336639313730336266646161353532
37653363643232643361643637653638343532643363346161313736316535623838613033336632
63623630376233306563363331363438653736633832343361346164623866383064346264333337
66383364666663373863353134613864323635333835363763313064643938616437356537323761
36386639333738356333356631306331343237613863396663613863633330636631386236303937
61306230643639323631336635643463643430616132393433666535383430303030633431396430
34623262613135303562303638323664646433663038653831363033383737353538306233666163
65383063343862373662343463346132353237613562303239666431313032386461333261343935
35393861386564626461306535616539643738363962343266346235373434613434653265643038
66336636666463353239653265643837303539326131613638383832316437656339326232323832
32313230636632663761646338623234626637333935366563663463623138613233326566396435
38633765623666666132336461343961323063386532383465306336303837356633393536383834
65353634313834323465373735353863313766623065613665316233366537313865336439363136
38346239646539663531386238643264623232646134646533653534353861306139346166393132
36323535396132353438366530313431666535613330363664366636346239333331303164353266
62386332643063353737653538646462626435343533356138393732383065383334633536333439
34313564386261656461303436363762376638653636653065303435313964326663663035666230
62323462636431613534373139653533616338636136383862373465613433623935653337613036
65326633313836636437303066633435656632636662316666366265393733396532396464353531
63363833353961663366613036326238666461393530306139626365313563636364333439613666
61343666336535333433626266646166666131393230613130313039623664653634393336306635
63323138643563366232396235613132383663333935343866316239666363363931363733653732
32653933653532326237356335373636613062326666373335383032383966323763616464323831
65623165303535613334666132656462303266643066343639376561316564373330633863633365
34353035383530303139
